" 1 -fach unrolled:"
1.000000, 778.205884
1.202157, 778.289858
1.445181, 778.229191
1.737334, 777.938507
2.088548, 754.493517
2.510762, 754.432418
3.018329, 746.914315
3.628504, 746.965075
4.362031, 743.203640
5.243845, 740.981343
6.303923, 739.518048
7.578304, 738.539077
9.110309, 737.102300
10.952019, 736.592448
13.166044, 735.646024
15.827648, 735.166686
19.027314, 734.537413
22.873813, 734.241164
27.497909, 733.880929
33.056796, 733.364352
39.739450, 733.165583
47.773047, 733.021747
57.430690, 732.849594
69.040691, 732.743591
82.997731, 732.655827
99.776282, 732.473329
119.946729, 732.507809
144.194767, 732.448506
173.344710, 732.160895
208.387510, 732.229870
250.514448, 732.099694
301.157630, 732.119682
362.038672, 731.652100
435.227227, 731.903429
523.211340, 731.894276
628.982034, 731.912413
756.134987, 731.833249
908.992764, 731.856766
1092.751770, 731.857794
1313.658896, 731.851431
1579.223885, 731.751087
1898.474624, 731.641462
2282.264049, 731.569605
2743.639089, 731.901899
3298.284200, 731.829809
3965.054553, 730.350490
4766.617022, 731.643672
5730.220739, 731.742227
6888.623434, 731.585094
8281.205031, 729.846763
9955.306373, 731.626316
11967.838570, 731.708567
14387.217698, 731.044751
17295.690602, 727.680861
20792.130883, 731.234203
24995.400102, 728.957195
30048.388488, 728.008247
36122.872490, 727.284322
43425.354323, 727.204204
52204.082015, 726.924700
62757.488604, 727.288378
75444.337374, 727.222519
90695.918024, 727.245846
109030.708368, 726.920220
131072.000000, 727.064467
 


" 2 -fach unrolled:"
1.000000, 1496.446687
1.202157, 1496.241230
1.445181, 1495.657311
1.737334, 1496.294463
2.088548, 1480.325832
2.510762, 1479.703985
3.018329, 1474.986849
3.628504, 1475.129918
4.362031, 1472.274472
5.243845, 1470.579293
6.303923, 1469.807461
7.578304, 1469.079130
9.110309, 1468.009277
10.952019, 1467.752087
13.166044, 1466.926893
15.827648, 1466.634200
19.027314, 1466.209208
22.873813, 1465.374830
27.497909, 1465.648593
33.056796, 1465.020605
39.739450, 1464.963257
47.773047, 1464.830777
57.430690, 1464.393611
69.040691, 1464.649810
82.997731, 1464.715795
99.776282, 1464.434785
119.946729, 1463.894044
144.194767, 1464.313144
173.344710, 1464.319889
208.387510, 1463.707547
250.514448, 1463.424393
301.157630, 1464.000165
362.038672, 1463.464837
435.227227, 1463.420015
523.211340, 1463.623145
628.982034, 1463.644432
756.134987, 1463.544179
908.992764, 1463.558726
1092.751770, 1463.632715
1313.658896, 1463.657465
1579.223885, 1463.448722
1898.474624, 1463.280725
2282.264049, 1462.934738
2743.639089, 1463.661697
3298.284200, 1462.649473
3965.054553, 1463.204849
4766.617022, 1462.685296
5730.220739, 1463.426973
6888.623434, 1462.827188
8281.205031, 1463.249424
9955.306373, 1463.129924
11967.838570, 1463.430242
14387.217698, 1463.291348
17295.690602, 1463.717458
20792.130883, 1462.322276
24995.400102, 1449.843888
30048.388488, 1429.371855
36122.872490, 1422.584685
43425.354323, 1412.202888
52204.082015, 1407.921840
62757.488604, 1407.254069
75444.337374, 1406.987377
90695.918024, 1406.209829
109030.708368, 1406.238477
131072.000000, 1406.368561
 


" 3 -fach unrolled:"
1.000000, 2226.883264
1.202157, 2226.872583
1.445181, 2226.246875
1.737334, 2227.029197
2.088548, 2211.339964
2.510762, 2210.581822
3.018329, 2200.298791
3.628504, 2200.490295
4.362031, 2204.560800
5.243845, 2202.352483
6.303923, 2198.617236
7.578304, 2201.268008
9.110309, 2198.076883
10.952019, 2199.787813
13.166044, 2199.256857
15.827648, 2197.654828
19.027314, 2198.484391
22.873813, 2198.165965
27.497909, 2197.163049
33.056796, 2194.434377
39.739450, 2194.664978
47.773047, 2194.874324
57.430690, 2195.350018
69.040691, 2195.605915
82.997731, 2196.481793
99.776282, 2195.924407
119.946729, 2195.958907
144.194767, 2195.771168
173.344710, 2195.718448
208.387510, 2194.427754
250.514448, 2195.620073
301.157630, 2195.314496
362.038672, 2195.313752
435.227227, 2194.407779
523.211340, 2193.989759
628.982034, 2194.243514
756.134987, 2194.581721
908.992764, 2194.429082
1092.751770, 2194.341598
1313.658896, 2194.210009
1579.223885, 2194.592892
1898.474624, 2194.002782
2282.264049, 2193.082977
2743.639089, 2188.926030
3298.284200, 2192.827244
3965.054553, 2194.421351
4766.617022, 2190.636680
5730.220739, 2194.611421
6888.623434, 2193.863876
8281.205031, 2194.174215
9955.306373, 2194.502293
11967.838570, 2194.782771
14387.217698, 2194.611496
17295.690602, 2190.705063
20792.130883, 2169.083416
24995.400102, 2085.423029
30048.388488, 2045.225825
36122.872490, 2011.703669
43425.354323, 1997.054420
52204.082015, 1952.480302
62757.488604, 1993.183519
75444.337374, 1992.640023
90695.918024, 1993.688567
109030.708368, 1521.662432
131072.000000, 1992.192755
 


" 4 -fach unrolled:"
1.000000, 2110.467343
1.202157, 2110.605114
1.445181, 2110.781404
1.737334, 2110.608216
2.088548, 2139.000332
2.510762, 2139.864491
3.018329, 2147.456294
3.628504, 2147.473921
4.362031, 2151.433531
5.243845, 2155.080012
6.303923, 2156.533347
7.578304, 2157.506039
9.110309, 2159.313288
10.952019, 2159.777676
13.166044, 2161.306821
15.827648, 2162.066959
19.027314, 2162.631308
22.873813, 2162.882132
27.497909, 2163.423257
33.056796, 2161.113818
39.739450, 2160.411478
47.773047, 2162.398117
57.430690, 2162.883724
69.040691, 2162.762182
82.997731, 2163.683287
99.776282, 2163.508043
119.946729, 2161.419949
144.194767, 2164.252819
173.344710, 2162.367512
208.387510, 2163.630566
250.514448, 2159.950803
301.157630, 2163.466794
362.038672, 2163.717391
435.227227, 2162.512278
523.211340, 2162.281973
628.982034, 2162.241558
756.134987, 2162.798990
908.992764, 2162.639434
1092.751770, 2160.386737
1313.658896, 2162.620252
1579.223885, 2162.592511
1898.474624, 2161.550183
2282.264049, 2163.350041
2743.639089, 2163.211241
3298.284200, 2158.271909
3965.054553, 2161.628780
4766.617022, 2159.919896
5730.220739, 2162.889354
6888.623434, 2160.920962
8281.205031, 2163.633413
9955.306373, 2162.566565
11967.838570, 2162.867614
14387.217698, 2162.809633
17295.690602, 2156.770667
20792.130883, 2140.925123
24995.400102, 2064.891154
30048.388488, 1995.617285
36122.872490, 1965.293878
43425.354323, 1949.816069
52204.082015, 1946.146658
62757.488604, 1941.752369
75444.337374, 1943.812771
90695.918024, 1944.480133
109030.708368, 1943.378619
131072.000000, 1943.424179



" 8 -fach unrolled:"
1.000000, 2108.167395
1.202157, 2108.192532
1.445181, 2107.392146
1.737334, 2108.135253
2.088548, 2119.841937
2.510762, 2120.352864
3.018329, 2134.422120
3.628504, 2134.036310
4.362031, 2141.835630
5.243845, 2147.206634
6.303923, 2149.988799
7.578304, 2151.843081
9.110309, 2155.241387
10.952019, 2156.211738
13.166044, 2158.276116
15.827648, 2159.418948
19.027314, 2159.294611
22.873813, 2161.282288
27.497909, 2161.895314
33.056796, 2160.976570
39.739450, 2160.762645
47.773047, 2162.313031
57.430690, 2162.845458
69.040691, 2161.756533
82.997731, 2162.943235
99.776282, 2163.747858
119.946729, 2161.276469
144.194767, 2163.747160
173.344710, 2163.010374
208.387510, 2162.015089
250.514448, 2162.593925
301.157630, 2162.616714
362.038672, 2162.670714
435.227227, 2162.254178
523.211340, 2162.594521
628.982034, 2162.391972
756.134987, 2162.700366
908.992764, 2162.520513
1092.751770, 2162.739440
1313.658896, 2162.854709
1579.223885, 2162.735001
1898.474624, 2161.928800
2282.264049, 2161.415859
2743.639089, 2163.309254
3298.284200, 2163.220072
3965.054553, 2162.392136
4766.617022, 2161.379431
5730.220739, 2161.316290
6888.623434, 2163.437929
8281.205031, 2162.159710
9955.306373, 2162.872095
11967.838570, 2162.962923
14387.217698, 2162.977838
17295.690602, 2163.277940
20792.130883, 2144.452037
24995.400102, 2064.178070
30048.388488, 1999.544332
36122.872490, 1969.242211
43425.354323, 1961.691256
52204.082015, 1960.717424
62757.488604, 1959.277726
75444.337374, 1958.832823
90695.918024, 1959.723725
109030.708368, 1958.056015
131072.000000, 1958.302724

