"unblocked"
16.062561, 768.622441 
17.080139, 726.502001 
19.072327, 702.915468 
22.045959, 671.909437 
23.994690, 308.147442 
26.991272, 596.985438 
29.992737, 309.240662 
34.058167, 530.402670 
37.995667, 298.111178 
42.148499, 520.029761 
47.158264, 511.823058 
51.997620, 288.738584 
58.021545, 499.525774 
65.129944, 511.695549 
72.117249, 518.644655 
81.140686, 512.857459 
90.101624, 504.256811 
100.156311, 495.412481 
112.062073, 505.795352 
124.985413, 508.724505 
138.981995, 500.849189 
155.274963, 512.299457 
173.292542, 507.254428 
193.166565, 502.066231 
215.034729, 523.646769 
239.040588, 513.563643 
267.373596, 525.369953 
297.293030, 516.203423 
331.069397, 512.269854 
369.060120, 517.342326 
412.280334, 528.003852 
459.231506, 509.230342 
512.244202, 529.952780 
570.388733, 492.129683 
634.803772, 508.888387 
708.474670, 522.448049 
788.819885, 517.946519 
879.029846, 529.077113 
979.983459, 509.389766 
1092.612366, 456.102900 
1216.810608, 448.269859 
1356.886292, 437.023235 
1511.873108, 436.319616 
1685.487366, 441.318000 
1878.003479, 442.237416 
2092.347717, 430.051293 
2331.833557, 438.755398 
2598.609924, 433.492811 
2896.626038, 428.030691 
3226.772522, 429.621671 
3597.188049, 422.104045 
4009.461975, 429.222177 
4467.042542, 431.897486 
4977.963928, 435.135769 
5546.758362, 439.362989 
6180.662170, 435.776417 
6887.703186, 434.952049 
7676.771545, 434.046331 
8554.804749, 442.259169 
9535.217346, 434.939166 
10623.489319, 436.417623 
11838.460022, 431.356074 
13194.470764, 427.720707 
14703.457092, 427.741421 
16386.000061, 416.762264 




"Blocked 1000"
16.062561, 746.109510 
17.080139, 722.862784 
19.072327, 710.771424 
22.045959, 732.149050 
23.994690, 309.462591 
26.991272, 693.358878 
29.992737, 311.973354 
34.058167, 602.239618 
37.995667, 297.137790 
42.148499, 547.089696 
47.158264, 554.517280 
51.997620, 284.020999 
58.021545, 542.084086 
65.129944, 498.226939 
72.117249, 499.889353 
81.140686, 536.002785 
90.101624, 439.154474 
100.156311, 392.632075 
112.062073, 507.215966 
124.985413, 529.764089 
138.981995, 450.925450 
155.274963, 492.155058 
173.292542, 528.294788 
193.166565, 532.293674 
215.034729, 514.654058 
239.040588, 541.282581 
267.373596, 481.444692 
297.293030, 532.791112 
331.069397, 491.578237 
369.060120, 537.898942 
412.280334, 487.493209 
459.231506, 536.312731 
512.244202, 515.003222 
570.388733, 523.859656 
634.803772, 533.830663 
708.474670, 515.020081 
788.819885, 384.091537 
879.029846, 402.305002 
979.983459, 529.771018 
1092.612366, 524.842650 
1216.810608, 379.317726 
1356.886292, 526.693204 
1511.873108, 533.621687 
1685.487366, 545.485387 
1878.003479, 538.024569 
2092.347717, 537.704469 
2331.833557, 491.507998 
2598.609924, 546.386806 
2896.626038, 537.285230 
3226.772522, 525.755411 
3597.188049, 538.054327 
4009.461975, 523.280815 
4467.042542, 521.965498 
4977.963928, 500.167067 
5546.758362, 419.476599 
6180.662170, 511.550862 
6887.703186, 355.166097 
7676.771545, 548.496574 
8554.804749, 298.611037 
9535.217346, 545.269733 
10623.489319, 542.262501 
11838.460022, 527.545151 
13194.470764, 540.435357 
14703.457092, 537.545877 
16386.000061, 313.677726 




"Blocked 2000"
16.062561, 766.917279 
17.080139, 716.072262 
19.072327, 699.102682 
22.045959, 670.169827 
23.994690, 308.242959 
26.991272, 574.250706 
29.992737, 309.679455 
34.058167, 528.839725 
37.995667, 297.313400 
42.148499, 519.111987 
47.158264, 513.100314 
51.997620, 288.868508 
58.021545, 500.750741 
65.129944, 489.571888 
72.117249, 490.392244 
81.140686, 485.294264 
90.101624, 485.664234 
100.156311, 479.010740 
112.062073, 435.342387 
124.985413, 499.677828 
138.981995, 498.201311 
155.274963, 483.979096 
173.292542, 404.753095 
193.166565, 466.956828 
215.034729, 487.192719 
239.040588, 481.380111 
267.373596, 389.924492 
297.293030, 488.677131 
331.069397, 487.240750 
369.060120, 496.407133 
412.280334, 489.034270 
459.231506, 488.185432 
512.244202, 495.304513 
570.388733, 465.492863 
634.803772, 489.725473 
708.474670, 501.551011 
788.819885, 489.377047 
879.029846, 485.787517 
979.983459, 393.024015 
1092.612366, 476.831057 
1216.810608, 496.600019 
1356.886292, 481.711940 
1511.873108, 444.347934 
1685.487366, 492.316185 
1878.003479, 496.099213 
2092.347717, 485.354452 
2331.833557, 488.579658 
2598.609924, 496.667851 
2896.626038, 484.929462 
3226.772522, 490.949448 
3597.188049, 480.942144 
4009.461975, 483.429430 
4467.042542, 487.247171 
4977.963928, 488.618926 
5546.758362, 275.394117 
6180.662170, 492.178974 
6887.703186, 490.490666 
7676.771545, 489.383727 
8554.804749, 493.049271 
9535.217346, 487.796728 
10623.489319, 489.243229 
11838.460022, 489.744579 
13194.470764, 490.233329 
14703.457092, 490.961384 
16386.000061, 470.123770 




"Blocked 4000"
16.062561, 764.839392 
17.080139, 728.072142 
19.072327, 693.555018 
22.045959, 669.227091 
23.994690, 307.968069 
26.991272, 598.381523 
29.992737, 307.103008 
34.058167, 531.193815 
37.995667, 297.544723 
42.148499, 520.083081 
47.158264, 514.383954 
51.997620, 288.903552 
58.021545, 503.051894 
65.129944, 513.120874 
72.117249, 518.379333 
81.140686, 511.393863 
90.101624, 502.811046 
100.156311, 495.298833 
112.062073, 508.171604 
124.985413, 508.222307 
138.981995, 432.100431 
155.274963, 512.084560 
173.292542, 506.349449 
193.166565, 477.954730 
215.034729, 415.706038 
239.040588, 513.955364 
267.373596, 505.714363 
297.293030, 501.564467 
331.069397, 503.380481 
369.060120, 511.074054 
412.280334, 505.452088 
459.231506, 500.977441 
512.244202, 510.761090 
570.388733, 487.733647 
634.803772, 504.745133 
708.474670, 511.906509 
788.819885, 520.181240 
879.029846, 510.192962 
979.983459, 512.530682 
1092.612366, 501.965852 
1216.810608, 365.060822 
1356.886292, 502.468684 
1511.873108, 503.481836 
1685.487366, 394.908527 
1878.003479, 511.362601 
2092.347717, 513.666616 
2331.833557, 373.466036 
2598.609924, 510.194686 
2896.626038, 506.126690 
3226.772522, 511.814717 
3597.188049, 510.915374 
4009.461975, 508.126517 
4467.042542, 510.516230 
4977.963928, 509.388330 
5546.758362, 516.038709 
6180.662170, 514.347381 
6887.703186, 440.996842 
7676.771545, 508.266752 
8554.804749, 463.208608 
9535.217346, 510.870655 
10623.489319, 407.470593 
11838.460022, 513.908661 
13194.470764, 511.522949 
14703.457092, 513.534854 
16386.000061, 498.023924 




"Blocked 8000"
16.062561, 766.195602 
17.080139, 723.731758 
19.072327, 696.844135 
22.045959, 673.565602 
23.994690, 308.422416 
26.991272, 578.473525 
29.992737, 309.776702 
34.058167, 532.598970 
37.995667, 297.673577 
42.148499, 521.283949 
47.158264, 514.582008 
51.997620, 288.895062 
58.021545, 500.341509 
65.129944, 512.821557 
72.117249, 517.441193 
81.140686, 511.901308 
90.101624, 503.069755 
100.156311, 494.257069 
112.062073, 507.747163 
124.985413, 509.612938 
138.981995, 501.596912 
155.274963, 511.741486 
173.292542, 441.766051 
193.166565, 503.100856 
215.034729, 523.702837 
239.040588, 423.783401 
267.373596, 526.414315 
297.293030, 516.493166 
331.069397, 512.578461 
369.060120, 449.352295 
412.280334, 528.405858 
459.231506, 510.186713 
512.244202, 529.705179 
570.388733, 492.388336 
634.803772, 509.063092 
708.474670, 523.369097 
788.819885, 518.296281 
879.029846, 529.551891 
979.983459, 505.063410 
1092.612366, 460.353972 
1216.810608, 474.860366 
1356.886292, 469.632323 
1511.873108, 491.949058 
1685.487366, 486.377079 
1878.003479, 432.302587 
2092.347717, 503.587266 
2331.833557, 481.129057 
2598.609924, 479.586835 
2896.626038, 335.520590 
3226.772522, 482.174039 
3597.188049, 485.678628 
4009.461975, 513.246402 
4467.042542, 479.965783 
4977.963928, 499.679146 
5546.758362, 495.604807 
6180.662170, 516.045895 
6887.703186, 493.948870 
7676.771545, 333.056204 
8554.804749, 499.412089 
9535.217346, 345.775634 
10623.489319, 505.837501 
11838.460022, 375.574537 
13194.470764, 493.565118 
14703.457092, 481.494829 
16386.000061, 458.927530 




"Blocked 10000"
16.062561, 766.233203 
17.080139, 726.889234 
19.072327, 698.985474 
22.045959, 667.454195 
23.994690, 308.576075 
26.991272, 593.510459 
29.992737, 303.201699 
34.058167, 531.471486 
37.995667, 298.349388 
42.148499, 520.878388 
47.158264, 514.132514 
51.997620, 288.773680 
58.021545, 500.157569 
65.129944, 514.314122 
72.117249, 518.653982 
81.140686, 511.080433 
90.101624, 502.374651 
100.156311, 494.863297 
112.062073, 509.362857 
124.985413, 509.849148 
138.981995, 500.686986 
155.274963, 513.563718 
173.292542, 506.512087 
193.166565, 502.342589 
215.034729, 464.170399 
239.040588, 514.224590 
267.373596, 526.471821 
297.293030, 430.713095 
331.069397, 511.710917 
369.060120, 516.572120 
412.280334, 528.667445 
459.231506, 409.236240 
512.244202, 530.111001 
570.388733, 492.446996 
634.803772, 508.830190 
708.474670, 522.950590 
788.819885, 517.513026 
879.029846, 529.678648 
979.983459, 510.006882 
1092.612366, 456.455634 
1216.810608, 448.034120 
1356.886292, 436.436820 
1511.873108, 436.029130 
1685.487366, 343.984973 
1878.003479, 465.152935 
2092.347717, 450.898573 
2331.833557, 302.114995 
2598.609924, 451.577340 
2896.626038, 452.446053 
3226.772522, 317.676461 
3597.188049, 468.517904 
4009.461975, 476.470811 
4467.042542, 455.378183 
4977.963928, 473.906753 
5546.758362, 464.817409 
6180.662170, 459.127591 
6887.703186, 447.622636 
7676.771545, 447.890264 
8554.804749, 468.114867 
9535.217346, 440.986285 
10623.489319, 317.377981 
11838.460022, 458.043114 
13194.470764, 314.915383 
14703.457092, 434.785321 
16386.000061, 434.160078 
 
