"2000 blocked"
16.062561, 770.303431, 768.004376 
17.080139, 725.420722, 725.376635 
19.072327, 691.494485, 691.298183 
22.045959, 605.594908, 659.056838 
23.994690, 307.936386, 308.018344 
26.991272, 596.985886, 598.011499 
29.992737, 309.711616, 309.835701 
34.058167, 534.225442, 534.015008 
37.995667, 288.069884, 293.840222 
42.148499, 522.887568, 523.191640 
47.158264, 515.332437, 515.541109 
51.997620, 288.086133, 288.829171 
58.021545, 500.916729, 500.830891 
65.129944, 515.030979, 491.414701 
72.117249, 518.213096, 490.740114 
81.140686, 512.233489, 485.361166 
90.101624, 504.822835, 488.047441 
100.156311, 495.891776, 481.504295 
112.062073, 506.971289, 493.539287 
124.985413, 510.324551, 500.019946 
138.981995, 500.904231, 496.569694 
155.274963, 513.314116, 484.584895 
173.292542, 506.264389, 481.281838 
193.166565, 502.764999, 466.792035 
215.034729, 522.937514, 487.276034 
239.040588, 514.643304, 481.313338 
267.373596, 525.958014, 484.594262 
297.293030, 517.410940, 488.883681 
331.069397, 511.326630, 487.507054 
369.060120, 517.561081, 496.889408 
412.280334, 529.783697, 490.012841 
459.231506, 509.669332, 488.043151 
512.244202, 532.338027, 496.301257 
570.388733, 491.996821, 466.392902 
634.803772, 509.173582, 490.511963 
708.474670, 524.015347, 502.674627 
788.819885, 517.464970, 489.433915 
879.029846, 530.049725, 485.926789 
979.983459, 510.628634, 489.517311 
1092.612366, 454.608371, 474.404600 
1216.810608, 449.840738, 495.711177 
1356.886292, 435.216009, 478.527443 
1511.873108, 434.035644, 478.953417 
1685.487366, 442.396661, 492.919569 
1878.003479, 443.754791, 497.143751 
2092.347717, 429.883731, 484.651272 
2331.833557, 439.309227, 487.378404 
2598.609924, 434.105646, 497.935811 
2896.626038, 429.014292, 485.874745 
3226.772522, 428.900195, 490.623597 
3597.188049, 422.383410, 481.456338 
4009.461975, 427.695194, 483.547521 
4467.042542, 431.962121, 488.131597 
4977.963928, 435.677024, 489.004189 
5546.758362, 439.873005, 492.407309 
6180.662170, 436.322209, 492.736034 
6887.703186, 435.694101, 490.980205 
7676.771545, 434.328490, 490.423277 
8554.804749, 442.447411, 494.145899 
9535.217346, 435.083817, 488.791475 
10623.489319, 436.420235, 490.405406 
11838.460022, 432.139269, 490.665123 
13194.470764, 429.056122, 491.042910 
14703.457092, 427.992624, 491.360948 
16386.000061, 417.210553, 470.579754 
 
 
 
 
"4000 blocked"
16.062561, 767.410285, 767.855415 
17.080139, 716.161078, 723.256956 
19.072327, 693.121841, 695.226192 
22.045959, 668.214521, 668.626642 
23.994690, 306.780761, 304.607588 
26.991272, 598.325842, 598.111231 
29.992737, 309.268598, 309.802047 
34.058167, 529.776110, 529.937963 
37.995667, 297.355890, 297.453314 
42.148499, 521.328260, 521.721395 
47.158264, 513.662196, 513.282965 
51.997620, 288.797376, 288.844307 
58.021545, 501.686017, 501.086009 
65.129944, 513.357570, 513.365110 
72.117249, 518.349056, 518.349159 
81.140686, 512.527074, 512.638505 
90.101624, 503.473915, 503.454264 
100.156311, 494.665324, 494.642125 
112.062073, 505.927628, 505.929321 
124.985413, 508.278688, 508.459926 
138.981995, 500.160975, 500.210610 
155.274963, 511.754247, 511.776665 
173.292542, 505.793288, 506.251416 
193.166565, 501.498704, 501.447462 
215.034729, 522.507370, 522.557960 
239.040588, 513.272100, 513.187377 
267.373596, 524.760754, 505.927511 
297.293030, 516.170163, 500.859407 
331.069397, 511.259805, 503.525336 
369.060120, 516.861431, 510.908547 
412.280334, 527.703286, 504.426943 
459.231506, 508.061179, 500.233864 
512.244202, 529.625228, 510.322051 
570.388733, 491.528989, 487.973996 
634.803772, 508.537635, 504.755615 
708.474670, 522.062396, 511.880658 
788.819885, 517.802994, 520.841677 
879.029846, 529.574619, 510.352504 
979.983459, 508.745813, 511.407211 
1092.612366, 457.694402, 503.007951 
1216.810608, 447.495284, 515.445905 
1356.886292, 437.026820, 503.959980 
1511.873108, 436.675223, 504.977986 
1685.487366, 440.635986, 508.910294 
1878.003479, 441.891272, 511.014198 
2092.347717, 429.992509, 513.600891 
2331.833557, 438.627858, 512.460330 
2598.609924, 432.904295, 509.821563 
2896.626038, 427.866701, 506.719284 
3226.772522, 428.968873, 512.118259 
3597.188049, 421.502185, 511.550556 
4009.461975, 428.510979, 508.336264 
4467.042542, 431.110090, 510.666060 
4977.963928, 434.421751, 509.505064 
5546.758362, 438.472344, 516.062132 
6180.662170, 435.390321, 515.170973 
6887.703186, 434.493945, 507.137580 
7676.771545, 433.288600, 510.738760 
8554.804749, 441.420634, 517.182307 
9535.217346, 433.994832, 510.944043 
10623.489319, 435.276410, 513.295669 
11838.460022, 430.549026, 514.117623 
13194.470764, 427.733874, 511.314385 
14703.457092, 427.044795, 513.485810 
16386.000061, 416.046691, 497.721384 
 
 
 
 
"6000 blocked"
16.062561, 766.502247, 766.926043 
17.080139, 722.224849, 725.159302 
19.072327, 686.039228, 685.833608 
22.045959, 668.914301, 668.879501 
23.994690, 307.897502, 308.318115 
26.991272, 598.927492, 599.470885 
29.992737, 309.513608, 309.574117 
34.058167, 528.201157, 528.008651 
37.995667, 297.277055, 297.251722 
42.148499, 520.018436, 519.999710 
47.158264, 511.385740, 511.453538 
51.997620, 288.767159, 288.779435 
58.021545, 502.094500, 502.103870 
65.129944, 512.950766, 512.975666 
72.117249, 517.990640, 517.929583 
81.140686, 512.424690, 512.543694 
90.101624, 504.545233, 504.538400 
100.156311, 494.946400, 495.148059 
112.062073, 507.971542, 507.898047 
124.985413, 507.979697, 507.984172 
138.981995, 499.941046, 500.154943 
155.274963, 511.003432, 511.014310 
173.292542, 506.066929, 506.640571 
193.166565, 500.865413, 500.965554 
215.034729, 522.598627, 522.521662 
239.040588, 512.848370, 512.770841 
267.373596, 526.383419, 526.644482 
297.293030, 515.890630, 515.706097 
331.069397, 512.367899, 512.503005 
369.060120, 443.068812, 515.487441 
412.280334, 527.308632, 527.991786 
459.231506, 508.141728, 508.270071 
512.244202, 529.025863, 528.963248 
570.388733, 492.125724, 480.867084 
634.803772, 509.133612, 500.757731 
708.474670, 523.110953, 517.973412 
788.819885, 518.250860, 508.001570 
879.029846, 529.277383, 507.599974 
979.983459, 509.496936, 501.903866 
1092.612366, 457.358433, 481.338795 
1216.810608, 447.339473, 496.776087 
1356.886292, 436.067435, 498.484717 
1511.873108, 435.745817, 509.371082 
1685.487366, 440.768982, 505.802746 
1878.003479, 442.182769, 504.931607 
2092.347717, 429.878488, 513.895879 
2331.833557, 437.916831, 498.364282 
2598.609924, 432.741167, 496.623745 
2896.626038, 427.436623, 491.032676 
3226.772522, 428.393784, 498.228869 
3597.188049, 421.714706, 501.735909 
4009.461975, 428.485231, 513.739421 
4467.042542, 431.028201, 499.973710 
4977.963928, 433.945730, 515.353716 
5546.758362, 438.520512, 507.790412 
6180.662170, 434.985571, 516.106968 
6887.703186, 434.242722, 504.433571 
7676.771545, 432.596272, 499.577468 
8554.804749, 441.030926, 508.027931 
9535.217346, 433.903492, 497.697418 
10623.489319, 435.081890, 519.540264 
11838.460022, 430.846717, 515.516027 
13194.470764, 427.531756, 504.918899 
14703.457092, 427.071115, 500.568036 
16386.000061, 415.962008, 475.528170 
 
 
 
 
"8000 blocked"
16.062561, 765.800054, 765.497559 
17.080139, 725.532617, 725.512459 
19.072327, 695.946483, 695.902120 
22.045959, 658.440819, 658.834018 
23.994690, 308.275058, 308.269786 
26.991272, 597.352819, 598.105295 
29.992737, 309.431294, 309.673744 
34.058167, 531.393215, 531.402039 
37.995667, 297.260168, 297.431806 
42.148499, 518.922009, 519.281470 
47.158264, 513.240575, 513.310417 
51.997620, 288.683486, 288.773514 
58.021545, 500.269849, 500.242498 
65.129944, 513.264838, 513.390407 
72.117249, 519.730540, 519.705691 
81.140686, 512.135689, 512.417086 
90.101624, 502.805175, 502.998421 
100.156311, 495.226529, 495.249150 
112.062073, 504.875710, 504.936083 
124.985413, 509.297510, 509.422823 
138.981995, 500.979477, 500.949852 
155.274963, 510.619534, 510.753233 
173.292542, 505.655034, 505.996013 
193.166565, 502.683587, 502.646102 
215.034729, 522.518402, 522.607104 
239.040588, 513.612367, 513.479191 
267.373596, 525.034130, 525.235225 
297.293030, 515.072504, 515.321789 
331.069397, 511.352183, 511.600694 
369.060120, 516.354357, 516.985957 
412.280334, 527.889083, 528.420631 
459.231506, 509.078177, 509.379447 
512.244202, 529.250818, 529.186703 
570.388733, 491.707839, 491.833826 
634.803772, 508.541350, 508.858605 
708.474670, 522.978819, 523.218743 
788.819885, 518.634367, 519.160680 
879.029846, 529.110166, 530.027166 
979.983459, 509.134082, 505.054622 
1092.612366, 456.996013, 461.688274 
1216.810608, 447.548505, 475.578036 
1356.886292, 436.591173, 470.859147 
1511.873108, 436.117590, 492.411278 
1685.487366, 440.464758, 486.685337 
1878.003479, 441.875838, 498.204037 
2092.347717, 430.450822, 504.396112 
2331.833557, 438.466076, 482.185563 
2598.609924, 432.639883, 479.702021 
2896.626038, 427.264907, 480.719351 
3226.772522, 428.863031, 482.416883 
3597.188049, 421.518838, 485.786436 
4009.461975, 428.141271, 513.704900 
4467.042542, 431.110823, 480.051765 
4977.963928, 434.168051, 499.762133 
5546.758362, 438.454134, 495.712414 
6180.662170, 435.081405, 516.378814 
6887.703186, 434.091197, 493.824531 
7676.771545, 433.046529, 487.933528 
8554.804749, 441.213868, 499.809394 
9535.217346, 433.889419, 479.867993 
10623.489319, 435.134277, 505.586451 
11838.460022, 430.353449, 492.982264 
13194.470764, 427.306987, 493.547912 
14703.457092, 427.126991, 481.124915 
16386.000061, 415.967749, 458.618217 
 


 
"10000 blocked"
16.062561, 765.759321, 766.283415 
17.080139, 726.608118, 726.620339 
19.072327, 694.306172, 691.655496 
22.045959, 666.665808, 666.532421 
23.994690, 303.828087, 308.348954 
26.991272, 596.710004, 596.623921 
29.992737, 305.755087, 305.232801 
34.058167, 533.531046, 533.436850 
37.995667, 297.323195, 297.489525 
42.148499, 520.975619, 521.444021 
47.158264, 514.742625, 515.464131 
51.997620, 288.726970, 288.822839 
58.021545, 499.691765, 499.853700 
65.129944, 514.363050, 514.401362 
72.117249, 518.908651, 519.112856 
81.140686, 478.181952, 512.188580 
90.101624, 505.333411, 505.593541 
100.156311, 496.682427, 496.693500 
112.062073, 509.189716, 509.253905 
124.985413, 509.200575, 509.229065 
138.981995, 500.432999, 500.461871 
155.274963, 513.063827, 513.102423 
173.292542, 507.550524, 507.848227 
193.166565, 503.326934, 503.528329 
215.034729, 522.674369, 522.769128 
239.040588, 514.501589, 514.417739 
267.373596, 525.653319, 526.098855 
297.293030, 516.914965, 516.692983 
331.069397, 512.509576, 512.633170 
369.060120, 517.109534, 517.562055 
412.280334, 528.376998, 529.061028 
459.231506, 509.278197, 509.509719 
512.244202, 531.122805, 531.174641 
570.388733, 492.242729, 492.573335 
634.803772, 509.353829, 509.711619 
708.474670, 523.620905, 524.046724 
788.819885, 517.616130, 518.068746 
879.029846, 529.300426, 530.069118 
979.983459, 510.126735, 509.873728 
1092.612366, 453.461175, 453.765496 
1216.810608, 449.369066, 449.608364 
1356.886292, 436.082764, 436.487060 
1511.873108, 433.894127, 434.508020 
1685.487366, 442.543472, 448.347321 
1878.003479, 443.917426, 466.630120 
2092.347717, 430.516645, 451.449786 
2331.833557, 439.308737, 449.621178 
2598.609924, 434.406228, 453.540874 
2896.626038, 429.189676, 454.304513 
3226.772522, 429.640438, 456.331958 
3597.188049, 422.652446, 469.558048 
4009.461975, 429.618584, 476.833676 
4467.042542, 432.545411, 456.462647 
4977.963928, 435.590026, 475.161152 
5546.758362, 439.916860, 465.754662 
6180.662170, 436.539739, 460.258999 
6887.703186, 358.565576, 401.496799 
7676.771545, 434.449589, 449.449583 
8554.804749, 442.011741, 469.146924 
9535.217346, 435.056340, 448.160608 
10623.489319, 436.223030, 460.088959 
11838.460022, 431.955623, 459.870905 
13194.470764, 429.140191, 431.481915 
14703.457092, 428.209166, 435.274651 
16386.000061, 416.852998, 435.050223 



 
"12000 blocked"
16.062561, 769.758422, 767.232156 
17.080139, 727.339703, 730.359051 
19.072327, 689.609237, 689.454840 
22.045959, 667.191037, 667.123410 
23.994690, 307.695183, 308.073713 
26.991272, 598.193265, 599.367244 
29.992737, 309.518999, 309.600106 
34.058167, 531.103801, 531.072974 
37.995667, 297.326089, 297.399684 
42.148499, 520.605172, 520.862650 
47.158264, 515.468654, 515.757889 
51.997620, 288.742559, 288.838800 
58.021545, 499.581255, 499.566903 
65.129944, 514.669779, 514.342194 
72.117249, 518.258520, 518.164151 
81.140686, 512.310345, 512.501215 
90.101624, 503.878140, 504.181300 
100.156311, 494.802135, 495.026766 
112.062073, 504.401904, 504.721266 
124.985413, 508.781536, 508.803232 
138.981995, 500.984862, 501.011291 
155.274963, 511.714839, 511.673002 
173.292542, 505.107136, 505.360297 
193.166565, 501.934881, 501.851840 
215.034729, 522.130065, 522.265960 
239.040588, 512.979300, 512.728754 
267.373596, 525.504482, 525.840805 
297.293030, 515.646563, 515.565996 
331.069397, 510.588952, 510.783763 
369.060120, 516.845456, 517.136437 
412.280334, 527.676765, 528.296417 
459.231506, 508.325691, 508.548989 
512.244202, 529.567054, 529.409731 
570.388733, 492.209273, 492.354389 
634.803772, 508.809217, 509.251415 
708.474670, 521.925012, 522.111689 
788.819885, 518.141044, 518.761950 
879.029846, 529.664941, 530.361431 
979.983459, 509.316764, 509.013258 
1092.612366, 457.028729, 457.395500 
1216.810608, 447.817368, 447.976160 
1356.886292, 437.110073, 437.420321 
1511.873108, 436.406570, 436.881706 
1685.487366, 440.599612, 440.244019 
1878.003479, 441.868794, 442.394706 
2092.347717, 430.122424, 430.849881 
2331.833557, 438.300180, 436.765832 
2598.609924, 432.491453, 438.827811 
2896.626038, 427.394100, 433.324393 
3226.772522, 428.291927, 438.056611 
3597.188049, 421.091990, 436.949810 
4009.461975, 428.764762, 444.120331 
4467.042542, 431.301549, 450.024102 
4977.963928, 433.842987, 460.379227 
5546.758362, 438.444915, 457.519281 
6180.662170, 437.377360, 460.799403 
6887.703186, 434.522506, 440.139192 
7676.771545, 433.113691, 432.271725 
8554.804749, 441.406669, 436.977682 
9535.217346, 433.962577, 434.918159 
10623.489319, 351.606753, 339.080016 
11838.460022, 292.622369, 339.126348 
13194.470764, 427.362411, 438.527120 
14703.457092, 426.948006, 436.380217 
16386.000061, 305.747421, 299.375345 
 
 
 
 
